51.37623762
52.91089109
61.42574257
45.31683168
49.8019802
60.52475248
54.92079208
48.23762376
53.22772277
50.37623762
50.37623762
41.21782178
35.88118812
45.34653465
64.93069307
52.10891089
57.64356436
38.88118812
40.42574257
44.04950495
42.58415842
44.34653465
45.81188119
64.4950495
53.6039604
29.7029703
42.38613861
39.86138614
45.59405941
35.96039604
49.5049505
58.36633663
52.4950495
42.07920792
32.65346535
43.56435644
37.84158416
30.58415842
41.79207921
50.92079208
58.81188119
44.3960396
47.46534653
31.04950495
43.77227723
36.66336634
40.59405941
68.59405941
57.45544554
56.43564356
41.18811881
36.6039604
34.44554455
44.42574257
49.27722772
57.72277228
51.79207921
57.68316832
67.28712871
46.59405941
51.86138614
56.01980198
53.8019802
51.42574257