54.32835821
45.26865672
53.55223881
59.68656716
52.67164179
51.79104478
53.17910448
51.97014925
46.8358209
40.89552239
38.10447761
34.89552239
36.17910448
36.79104478
43.80597015
58.88059701
44.31343284
44.20895522
39.08955224
39.08955224
37.02985075
35.07462687
35.52238806
40.85074627
50.6119403
37.04477612
33.08955224
35.56716418
30.52238806
35.79104478
33.64179104
55.50746269
52.43283582
37.89552239
33.29850746
34.14925373
36.52238806
34.86567164
44.04477612
40.1641791
56.10447761
39.67164179
36.56716418
40.17910448
37.04477612
30.50746269
34.82089552
50.44776119
60.10447761
48.23880597
37.67164179
41.68656716
28.88059701
34.71641791
45.97014925
57.2238806
56.46268657
55.43283582
59.32835821
42.3880597
46.11940299
47.70149254
56.3880597
61.35820896