3985.01
2512.32
3579.25
4059.25
3954.62
2729.9
3494.91
4340.3
3046.62
2467.58
3116.46
3814.19
2690
3390.2
3510.04
4621.35
2715.31
3587.8
4364.75
3312.33
2364.03
2186.92
2562.68
2751.46
3757.09
2605.95
2949.39
2578.28
1673.68
2635.35
2279.14
4337.19
3861.67
2569.76
3324.27
2620.04
2842.16
2257.54
4117.89
2562.56
3538.34
2753.01
3592.82
3274.66
2655.29
1891.98
2352.09
3710.25
4811.37
3158.12
2322.25
3023.04
1448.41
2324.75
3396.03
4635.12
4442.56
3638.25
3516.83
2192.12
2881.74
2560.7
3277.79
5511.14