3136.871364
3134.969169
3950.349016
2961.003707
3466.027053
3735.64496
3674.918591
3517.804819
3311.704448
2962.721414
3701.317044
3000.775556
2322.862275
3387.522633
3860.610743
3821.436555
3729.40715
3169.251461
3222.850727
2914.53379
2787.527659
2741.570537
3129.046158
3894.672334
3285.35725
1988.377958
2703.620616
2147.851975
2365.046906
2230.922583
3013.189478
3958.882663
3714.370366
3032.722519
2449.015932
2560.17907
2257.402873
1840.15993
3330.466496
2578.294126
4274.855967
3051.6286
3599.66239
2291.02937
2794.620723
1821.55514
2299.12999
4567.18905
4239.005845
3780.07984
2807.905902
2748.437839
1797.577274
2592.344418
3109.932385
4403.556316
3626.047762
3468.79213
4326.735636
2355.909182
3109.755346
3587.012689
3328.59481
4204.466175