2604.96
3553.74
4209.81
2182.6
3174.9
4406.07
3829.25
3004.52
3503.32
3282.94
4063.68
2477.83
2103.75
3390.15
3950.85
3313.24
4364.43
2913.27
2500.71
2671.23
3082.49
3100.43
3491.49
4462.95
3003.26
1578.95
2533.64
1877.82
2753.5
1986.3
3426.43
3745.49
3654.29
3361.55
1895.67
2510.57
1893.33
1575.71
2842.03
2567.85
4800.75
3270.24
3592.33
1631.17
2896.3
1778.03
2273.74
5045.8
3900.81
4201.31
3151.53
2584.28
2033.53
2756.91
2947.8
4294.66
3114.63
3389.6
4879.03
2480.44
3278.06
4272.38
3392.72
3344.37